6 0.779647 0.650968 0.440705 0.698063
9 0.220442 0.897455 0.079772 0.102545
9 0.140580 0.353969 0.044338 0.072921
9 0.134348 0.320167 0.026887 0.044056
9 0.061699 0.315420 0.024038 0.053551
9 0.117254 0.448918 0.029380 0.055450
9 0.038551 0.548424 0.021189 0.072161
9 0.151175 0.561337 0.065527 0.064565
9 0.193020 0.601785 0.061610 0.057349
9 0.481838 0.757691 0.061610 0.058488
9 0.512197 0.811812 0.065705 0.056589
9 0.535613 0.808583 0.053063 0.050893
9 0.585292 0.851310 0.054843 0.051272
9 0.483173 0.689518 0.055021 0.058868
9 0.439192 0.776870 0.052172 0.045955
9 0.405182 0.714964 0.068198 0.059628
9 0.420673 0.680023 0.059651 0.041398
9 0.386574 0.661413 0.056268 0.039119
9 0.429576 0.634258 0.044694 0.034182
9 0.484509 0.620585 0.054843 0.056210
9 0.537304 0.647740 0.043981 0.039119
9 0.543358 0.729396 0.046830 0.049753
9 0.066417 0.932017 0.082621 0.074440
9 0.043002 0.793771 0.083511 0.059248
9 0.098202 0.854349 0.093483 0.058109
9 0.215011 0.823395 0.082087 0.097227
9 0.185274 0.904671 0.073896 0.115458
9 0.176638 0.881504 0.065527 0.091151
9 0.143608 0.807444 0.070691 0.051652
9 0.182781 0.771553 0.074252 0.044436
9 0.242343 0.722180 0.068020 0.067224
9 0.169783 0.741929 0.060363 0.064945
9 0.075499 0.745727 0.083689 0.048234
9 0.027422 0.621534 0.050926 0.057349
9 0.112625 0.690657 0.073184 0.047474
9 0.161414 0.657235 0.073896 0.052791
9 0.115118 0.624573 0.072828 0.053551
9 0.274127 0.702241 0.026887 0.083555
9 0.192486 0.680972 0.051638 0.026586
9 0.217771 0.699582 0.042735 0.017471
9 0.238337 0.615648 0.048255 0.030384
9 0.222667 0.637106 0.031161 0.028485
9 0.185274 0.628940 0.067130 0.034941
9 0.153045 0.518040 0.046830 0.050893
9 0.176727 0.563995 0.037927 0.042537
9 0.183583 0.526965 0.055199 0.067224
9 0.225962 0.547664 0.048077 0.050893
9 0.284633 0.636156 0.051104 0.043297
9 0.032942 0.905621 0.065527 0.041398
9 0.018786 0.855868 0.037215 0.048994
9 0.010150 0.660084 0.019943 0.044816
9 0.068910 0.671098 0.045228 0.046335
9 0.105324 0.711926 0.048255 0.030763
9 0.143162 0.915496 0.058405 0.045196
9 0.262375 0.911128 0.060363 0.090391
9 0.305377 0.904482 0.072650 0.067224
9 0.259170 0.943790 0.058583 0.083555
9 0.349092 0.966578 0.077101 0.051652
9 0.385239 0.927459 0.070335 0.039499
9 0.379095 0.921762 0.068732 0.064565
9 0.426193 0.987467 0.061075 0.025066
9 0.416934 0.849601 0.073184 0.058488
9 0.377671 0.878276 0.065883 0.061907
9 0.335915 0.778769 0.064637 0.038359
9 0.291132 0.815799 0.019587 0.075959
9 0.282942 0.765097 0.024573 0.025446
9 0.294961 0.723130 0.020833 0.025066
9 0.324608 0.741360 0.047009 0.051652
9 0.364850 0.761489 0.070513 0.049373
9 0.501781 0.932586 0.062678 0.048234
9 0.593750 0.914926 0.060719 0.053171
9 0.557959 0.916065 0.043981 0.043297
9 0.577012 0.953475 0.055734 0.042157
9 0.516916 0.981390 0.064103 0.037220
9 0.554932 0.987657 0.055377 0.024687
9 0.680021 0.973984 0.062322 0.051272
9 0.677528 0.885872 0.058405 0.039878
9 0.652778 0.819977 0.057692 0.044816
9 0.636930 0.751044 0.044160 0.039119
9 0.597222 0.795860 0.045228 0.033042
9 0.162304 0.469806 0.026887 0.045575
9 0.187055 0.389859 0.029024 0.051272
9 0.215723 0.358147 0.032942 0.050133
9 0.213764 0.467528 0.048611 0.075959
9 0.201211 0.495632 0.032051 0.047095
9 0.271991 0.487657 0.052885 0.058488
9 0.268964 0.529244 0.042913 0.048994
9 0.286948 0.584125 0.051104 0.041018
9 0.311521 0.555640 0.039352 0.049373
9 0.339209 0.600456 0.041311 0.038739
9 0.241542 0.424231 0.030449 0.048614
9 0.265759 0.364793 0.020121 0.042917
9 0.323095 0.467148 0.039708 0.059248
9 0.312767 0.429548 0.038283 0.063046
9 0.296563 0.398595 0.034010 0.045955
9 0.335737 0.412647 0.038996 0.043676
9 0.301282 0.383783 0.018875 0.039119
9 0.341969 0.554690 0.046830 0.031523
9 0.405805 0.603494 0.056980 0.039499
9 0.372507 0.496202 0.040954 0.036840
9 0.383725 0.525636 0.042735 0.034182
9 0.367343 0.528485 0.052350 0.043676
9 0.412660 0.574250 0.049679 0.036460
9 0.379184 0.595708 0.037571 0.027725
9 0.359420 0.627041 0.022614 0.038739
9 0.321225 0.607292 0.027422 0.031143
9 0.413462 0.544816 0.039886 0.027725
9 0.385150 0.471895 0.036325 0.046715
9 0.396902 0.449487 0.038462 0.047474
9 0.384526 0.366502 0.036147 0.063806
9 0.379808 0.407900 0.028134 0.032662
9 0.429932 0.434485 0.032942 0.041777
9 0.440794 0.461641 0.037571 0.045955
9 0.420673 0.456324 0.032942 0.036081
9 0.412482 0.422142 0.020833 0.046715
9 0.433137 0.493923 0.054309 0.048994
9 0.416043 0.511774 0.020477 0.022408
9 0.436788 0.531713 0.016382 0.040258
9 0.465456 0.560767 0.044872 0.047474
9 0.459491 0.535511 0.037215 0.037979
9 0.463319 0.527915 0.021368 0.029624
9 0.475962 0.481960 0.024573 0.047854
9 0.469373 0.482340 0.020299 0.031143
9 0.371350 0.442271 0.025107 0.043676
9 0.299323 0.338397 0.013889 0.044816
9 0.270032 0.288454 0.014779 0.036081
9 0.240028 0.293771 0.013533 0.038359
9 0.306535 0.267566 0.009793 0.035321
9 0.334847 0.304026 0.013711 0.033802
9 0.332087 0.354728 0.007123 0.030384
9 0.394320 0.319597 0.012642 0.039119
9 0.426905 0.372579 0.011930 0.029624
9 0.521189 0.433726 0.020299 0.040258
9 0.479968 0.424801 0.015135 0.024687
9 0.499110 0.444550 0.018875 0.026206
9 0.507479 0.471136 0.024573 0.039119
9 0.502137 0.489366 0.028846 0.036840
9 0.493857 0.511394 0.015848 0.030004
9 0.493768 0.552032 0.029915 0.027725
9 0.510061 0.577478 0.049679 0.045196
9 0.519231 0.672997 0.051638 0.050133
9 0.577190 0.554501 0.037215 0.037220
9 0.600873 0.586024 0.043981 0.036460
9 0.557514 0.596658 0.037393 0.039499
9 0.518073 0.553741 0.030093 0.034182
9 0.523415 0.530004 0.033298 0.036840
9 0.515759 0.511204 0.023326 0.026586
9 0.527333 0.490125 0.017628 0.029244
9 0.570157 0.492974 0.032407 0.044816
9 0.596243 0.505887 0.022614 0.041018
9 0.595085 0.549753 0.039530 0.028485
9 0.456731 0.740790 0.029202 0.023927
9 0.623754 0.618686 0.051282 0.043297
9 0.949875 0.659894 0.033298 0.031523
9 0.070691 0.445689 0.015313 0.045955
9 0.062945 0.404861 0.022614 0.047095
9 0.130787 0.445879 0.025819 0.018990
9 0.114494 0.376377 0.022792 0.040258
9 0.176816 0.426700 0.011040 0.031523
9 0.071937 0.275161 0.024217 0.044436
