6 0.415495 0.578935 0.816406 0.768981
6 0.568620 0.081019 0.197656 0.161111
6 0.923698 0.550926 0.136979 0.142593
6 0.820182 0.809028 0.148177 0.207870
9 0.894271 0.750694 0.116667 0.071759
9 0.510807 0.777315 0.092448 0.078704
9 0.513932 0.722917 0.059115 0.058796
9 0.485938 0.735417 0.041146 0.027315
9 0.040625 0.557407 0.080729 0.050926
9 0.600000 0.671991 0.074479 0.043056
9 0.556901 0.609722 0.048698 0.050926
9 0.519010 0.660417 0.027083 0.042130
9 0.502344 0.581019 0.021875 0.036111
9 0.360547 0.827778 0.055469 0.032407
9 0.674219 0.802778 0.058854 0.033333
9 0.596875 0.785185 0.052604 0.082407
9 0.820052 0.513657 0.091146 0.048611
9 0.917318 0.192130 0.051302 0.192593
9 0.886328 0.259491 0.036198 0.145833
9 0.881901 0.067361 0.037240 0.133796
9 0.876302 0.445602 0.078125 0.044907
9 0.872656 0.391667 0.059375 0.060185
9 0.845052 0.335648 0.033854 0.048148
9 0.692187 0.713426 0.059896 0.038889
9 0.745703 0.659954 0.092448 0.039352
9 0.650130 0.629398 0.054948 0.030093
9 0.575130 0.860648 0.049740 0.034259
9 0.665104 0.880556 0.038542 0.061111
9 0.385417 0.876852 0.042188 0.054630
6 0.197917 0.940509 0.089063 0.073611
9 0.646615 0.688657 0.024479 0.030093
9 0.544010 0.669676 0.023958 0.042130
9 0.990625 0.866667 0.018750 0.042593
9 0.215755 0.208333 0.071615 0.150926
9 0.204036 0.112037 0.016927 0.140741
