9 0.485849 0.633271 0.823113 0.490437
3 0.928066 0.275216 0.042453 0.040870
3 0.983491 0.218354 0.033018 0.030208
3 0.929245 0.178373 0.051887 0.049754
3 0.925118 0.131284 0.048349 0.023100
3 0.867925 0.106407 0.016509 0.051531
3 0.841392 0.043325 0.055425 0.039093
3 0.774175 0.191700 0.027123 0.037316
3 0.814269 0.189923 0.029481 0.030208
3 0.795991 0.225462 0.028302 0.158148
3 0.670991 0.288544 0.042453 0.035539
3 0.716392 0.267220 0.029481 0.046201
3 0.733491 0.190812 0.028302 0.039093
3 0.699882 0.199696 0.045991 0.031985
3 0.669222 0.228127 0.038915 0.039093
3 0.715212 0.153496 0.043632 0.031985
3 0.758844 0.324082 0.038915 0.046201
3 0.664505 0.360510 0.020047 0.023100
3 0.619104 0.335633 0.037736 0.047978
3 0.571344 0.345406 0.038915 0.024877
3 0.591392 0.268109 0.036557 0.023100
3 0.539505 0.314309 0.043632 0.026654
3 0.486439 0.313421 0.041274 0.024877
3 0.551887 0.264555 0.028302 0.026654
3 0.584906 0.192589 0.037736 0.031985
3 0.627948 0.101964 0.036557 0.035539
3 0.620283 0.051321 0.040094 0.026654
3 0.485849 0.243231 0.033019 0.044424
3 0.433373 0.328525 0.036557 0.023100
3 0.366745 0.344517 0.040094 0.019546
3 0.340802 0.279659 0.042453 0.017769
3 0.395637 0.303648 0.029481 0.026654
3 0.708726 0.122399 0.044811 0.033762
3 0.715802 0.020225 0.035377 0.024877
3 0.723467 0.082418 0.027123 0.017769