0C637C314SF5.jpg	3	7.00	6.00	0.000201
Image_180.jpg	9	40.00	80.00	0.000216
0C637C314SF5.jpg	0	10.00	6.00	0.000288
Image_180.jpg	9	55.00	93.00	0.000346
Image_180.jpg	9	62.00	83.00	0.000348
Image_180.jpg	9	67.00	78.00	0.000353
Image_180.jpg	9	85.00	65.00	0.000374
0C637C314SF5.jpg	1	10.00	8.00	0.000384
Image_740.jpg	9	14.00	11.00	0.000435
0C637C314SF5.jpg	9	7.00	13.00	0.000436
Image_180.jpg	9	115.00	59.00	0.000459
0C637C314SF5.jpg	5	8.00	12.00	0.000460
Image_180.jpg	9	77.00	89.00	0.000463
Image_180.jpg	9	89.00	79.00	0.000476
Image_180.jpg	9	145.00	50.00	0.000490
Image_180.jpg	9	71.00	103.00	0.000495
Image_180.jpg	9	106.00	69.00	0.000495
Image_1986.jpg	9	16.00	9.00	0.000498
Image_180.jpg	9	99.00	77.00	0.000516
0C637C314SF5.jpg	7	9.00	12.00	0.000518
Image_180.jpg	9	76.00	101.00	0.000519
Image_180.jpg	9	117.00	66.00	0.000522
Image_1986.jpg	9	19.00	8.00	0.000526
Image_180.jpg	9	83.00	95.00	0.000533
0C637C314SF5.jpg	8	8.00	15.00	0.000576
Image_180.jpg	9	131.00	70.00	0.000620
Image_180.jpg	9	78.00	118.00	0.000622
Image_180.jpg	9	138.00	67.00	0.000625
Image_180.jpg	9	114.00	82.00	0.000632
Image_180.jpg	9	120.00	78.00	0.000633
Image_1986.jpg	9	17.00	11.00	0.000647
Image_180.jpg	9	92.00	106.00	0.000660
0C637C314SF5.jpg	4	10.00	14.00	0.000671
Image_1986.jpg	9	22.00	9.00	0.000685
0C637C314SF5.jpg	6	12.00	12.00	0.000691
Image_180.jpg	9	164.00	63.00	0.000699
Image_180.jpg	9	86.00	121.00	0.000704
Image_884.jpg	9	94.00	65.00	0.000737
Image_180.jpg	9	106.00	103.00	0.000738
Image_180.jpg	9	240.00	46.00	0.000747
Image_1986.jpg	9	18.00	12.00	0.000747
Image_740.jpg	9	19.00	14.00	0.000752
Image_102.jpg	9	20.00	28.00	0.000762
Image_1986.jpg	9	25.00	9.00	0.000778
Image_884.jpg	9	84.00	78.00	0.000790
Image_884.jpg	9	72.00	92.00	0.000799
Image_1986.jpg	9	21.00	11.00	0.000799
Image_180.jpg	9	114.00	106.00	0.000817
Image_180.jpg	9	168.00	73.00	0.000829
Image_1986.jpg	9	24.00	10.00	0.000830
Image_180.jpg	9	154.00	82.00	0.000854
Image_180.jpg	9	113.00	113.00	0.000864
Image_1986.jpg	9	21.00	12.00	0.000872
Image_1986.jpg	9	23.00	11.00	0.000875
Image_180.jpg	9	127.00	102.00	0.000876
Image_1986.jpg	9	17.00	15.00	0.000882
Image_180.jpg	9	175.00	75.00	0.000888
Image_180.jpg	9	112.00	118.00	0.000894
Image_1986.jpg	9	24.00	11.00	0.000913
Image_180.jpg	9	128.00	106.00	0.000918
Image_180.jpg	9	158.00	86.00	0.000919
Image_180.jpg	9	127.00	108.00	0.000928
Image_180.jpg	9	138.00	103.00	0.000961
Image_180.jpg	9	117.00	123.00	0.000973
Image_1986.jpg	9	24.00	12.00	0.000996
Image_884.jpg	9	92.00	91.00	0.001009
Image_160.jpg	9	75.00	79.00	0.001015
Image_1986.jpg	9	27.00	11.00	0.001027
Image_1986.jpg	9	27.00	11.00	0.001027
Image_180.jpg	9	169.00	90.00	0.001029
Image_180.jpg	9	211.00	73.00	0.001042
Image_180.jpg	9	187.00	83.00	0.001050
Image_180.jpg	9	162.00	97.00	0.001063
Image_180.jpg	9	127.00	124.00	0.001065
Image_180.jpg	9	136.00	117.00	0.001076
Image_1986.jpg	9	26.00	12.00	0.001079
Image_1986.jpg	9	26.00	12.00	0.001079
Image_1986.jpg	9	24.00	13.00	0.001079
Image_180.jpg	9	141.00	115.00	0.001097
Image_1986.jpg	9	29.00	11.00	0.001103
Image_180.jpg	9	224.00	73.00	0.001106
Image_1986.jpg	9	20.00	16.00	0.001107
Image_1986.jpg	9	27.00	12.00	0.001121
Image_884.jpg	9	158.00	59.00	0.001124
Image_180.jpg	9	222.00	75.00	0.001126
Image_884.jpg	9	104.00	91.00	0.001141
Image_1986.jpg	9	28.00	12.00	0.001162
Image_180.jpg	9	138.00	126.00	0.001176
Image_180.jpg	9	151.00	116.00	0.001185
Image_180.jpg	9	185.00	95.00	0.001189
Image_1986.jpg	9	29.00	12.00	0.001204
Image_1986.jpg	9	29.00	12.00	0.001204
Image_180.jpg	9	151.00	120.00	0.001225
Image_180.jpg	9	187.00	97.00	0.001227
Image_1986.jpg	9	26.00	14.00	0.001259
Image_180.jpg	9	135.00	141.00	0.001287
Image_1986.jpg	9	27.00	14.00	0.001308
Image_1986.jpg	9	24.00	16.00	0.001328
Image_1986.jpg	9	30.00	13.00	0.001349
Image_180.jpg	9	311.00	65.00	0.001367
Image_180.jpg	9	290.00	70.00	0.001373
Image_180.jpg	9	185.00	110.00	0.001376
Image_180.jpg	9	209.00	98.00	0.001385
Image_180.jpg	9	209.00	100.00	0.001413
Image_180.jpg	9	182.00	118.00	0.001452
Image_180.jpg	9	240.00	90.00	0.001461
Image_180.jpg	9	271.00	80.00	0.001466
Image_180.jpg	9	263.00	83.00	0.001476
Image_180.jpg	9	210.00	104.00	0.001477
Image_180.jpg	9	171.00	128.00	0.001480
Image_180.jpg	9	271.00	81.00	0.001484
Image_180.jpg	9	110.00	200.00	0.001488
Image_180.jpg	9	163.00	135.00	0.001488
Image_1986.jpg	9	24.00	18.00	0.001494
Image_180.jpg	9	254.00	87.00	0.001494
Image_180.jpg	9	230.00	97.00	0.001509
Image_180.jpg	9	180.00	124.00	0.001509
n02381460_1865.jpg	0	10.00	10.00	0.001526
Image_180.jpg	9	251.00	90.00	0.001528
Image_1986.jpg	9	26.00	17.00	0.001529
Image_180.jpg	9	119.00	190.00	0.001529
Image_180.jpg	9	343.00	66.00	0.001531
Image_180.jpg	9	191.00	121.00	0.001563
Image_180.jpg	9	232.00	102.00	0.001600
Image_180.jpg	9	247.00	96.00	0.001604
Image_180.jpg	9	213.00	112.00	0.001613
Image_180.jpg	9	165.00	146.00	0.001629
Image_884.jpg	9	130.00	104.00	0.001630
Image_1986.jpg	9	25.00	19.00	0.001643
Image_180.jpg	9	185.00	132.00	0.001651
Image_884.jpg	9	211.00	65.00	0.001654
Image_180.jpg	9	204.00	123.00	0.001697
Image_180.jpg	9	219.00	115.00	0.001703
Image_884.jpg	9	191.00	74.00	0.001704
Image_1986.jpg	9	29.00	17.00	0.001705
n02381460_1110.jpg	0	8.00	14.00	0.001709
Image_180.jpg	9	247.00	103.00	0.001720
Image_180.jpg	9	211.00	121.00	0.001727
Image_180.jpg	9	248.00	103.00	0.001727
Image_884.jpg	9	213.00	70.00	0.001798
Image_180.jpg	9	279.00	96.00	0.001811
Image_180.jpg	9	209.00	129.00	0.001823
Image_180.jpg	9	216.00	125.00	0.001826
n02381460_1865.jpg	0	10.00	12.00	0.001831
Image_1986.jpg	9	36.00	15.00	0.001868
Image_1986.jpg	9	36.00	15.00	0.001868
Image_180.jpg	9	247.00	114.00	0.001904
n02381460_1494.jpg	0	9.00	14.00	0.001923
Image_180.jpg	9	221.00	130.00	0.001943
Image_1986.jpg	9	27.00	21.00	0.001961
Image_884.jpg	9	226.00	72.00	0.001962
Image_1986.jpg	9	32.00	18.00	0.001993
Image_180.jpg	9	254.00	122.00	0.002096
Image_180.jpg	9	287.00	108.00	0.002096
Image_180.jpg	9	241.00	129.00	0.002102
0C637C314SF5.jpg	2	74.00	6.00	0.002129
Image_180.jpg	9	252.00	125.00	0.002130
Image_180.jpg	9	316.00	103.00	0.002201
Image_180.jpg	9	287.00	114.00	0.002213
Image_180.jpg	9	288.00	114.00	0.002220
Image_180.jpg	9	279.00	119.00	0.002245
Image_180.jpg	9	151.00	220.00	0.002247
Image_180.jpg	9	320.00	104.00	0.002251
Image_1986.jpg	9	31.00	21.00	0.002252
Image_160.jpg	9	137.00	96.00	0.002253
Image_180.jpg	9	294.00	115.00	0.002286
Image_884.jpg	9	162.00	118.00	0.002305
Image_180.jpg	9	203.00	168.00	0.002306
Image_180.jpg	9	328.00	105.00	0.002329
Image_884.jpg	9	230.00	84.00	0.002329
Image_180.jpg	9	263.00	131.00	0.002330
Image_180.jpg	9	377.00	92.00	0.002346
Image_180.jpg	9	313.00	111.00	0.002350
Image_180.jpg	9	223.00	156.00	0.002353
Image_884.jpg	9	148.00	132.00	0.002355
n02381460_7806.jpg	0	12.00	13.00	0.002380
Image_884.jpg	9	65.00	304.00	0.002382
Image_180.jpg	9	263.00	134.00	0.002383
Image_180.jpg	9	360.00	98.00	0.002386
Image_180.jpg	9	293.00	121.00	0.002398
Image_180.jpg	9	215.00	166.00	0.002414
Image_180.jpg	9	264.00	136.00	0.002428
Image_102.jpg	9	64.00	28.00	0.002438
Image_180.jpg	9	270.00	134.00	0.002447
Image_136.jpg	9	56.00	21.00	0.002450
Image_180.jpg	9	335.00	109.00	0.002469
n02381460_1482.jpg	0	9.00	18.00	0.002472
Image_180.jpg	9	363.00	101.00	0.002479
Image_884.jpg	9	187.00	110.00	0.002480
Image_180.jpg	9	324.00	118.00	0.002586
Image_180.jpg	9	290.00	132.00	0.002589
Image_180.jpg	9	328.00	119.00	0.002640
Image_180.jpg	9	305.00	129.00	0.002661
Image_180.jpg	9	298.00	134.00	0.002701
Image_180.jpg	9	368.00	109.00	0.002713
n02381460_3483.jpg	0	20.00	9.00	0.002747
Image_180.jpg	9	395.00	104.00	0.002778
Image_1986.jpg	9	31.00	26.00	0.002788
Image_180.jpg	9	308.00	135.00	0.002812
Image_180.jpg	9	286.00	151.00	0.002921
n02381460_4374.jpg	0	16.00	12.00	0.002930
Image_154.png	9	21.00	25.00	0.003022
Image_180.jpg	9	352.00	127.00	0.003023
n02381460_1865.jpg	0	10.00	20.00	0.003052
n02381460_4917.jpg	0	10.00	20.00	0.003052
n02381460_670.jpg	0	10.00	20.00	0.003052
Image_180.jpg	9	308.00	148.00	0.003083
Image_180.jpg	9	297.00	154.00	0.003093
Image_122.jpg	9	31.00	25.00	0.003143
Image_180.jpg	9	350.00	135.00	0.003195
n02381460_670.jpg	0	10.00	21.00	0.003204
Image_884.jpg	9	286.00	93.00	0.003207
Image_180.jpg	9	341.00	140.00	0.003228
Image_180.jpg	9	249.00	192.00	0.003233
Image_180.jpg	9	309.00	155.00	0.003239
Image_160.jpg	9	161.00	118.00	0.003255
Image_180.jpg	9	417.00	117.00	0.003299
Image_1986.jpg	9	40.00	24.00	0.003321
n02381460_670.jpg	0	13.00	17.00	0.003372
Image_102.jpg	9	58.00	44.00	0.003472
Image_180.jpg	9	411.00	125.00	0.003474
Image_884.jpg	9	227.00	127.00	0.003476
Image_180.jpg	9	396.00	130.00	0.003481
Image_154.png	9	19.00	32.00	0.003499
Image_154.png	9	29.00	21.00	0.003505
Image_884.jpg	9	300.00	97.00	0.003508
Image_180.jpg	9	346.00	151.00	0.003533
n02381460_1865.jpg	0	13.00	18.00	0.003571
Image_884.jpg	9	228.00	130.00	0.003573
Image_180.jpg	9	346.00	154.00	0.003603
Image_884.jpg	9	355.00	85.00	0.003638
Image_180.jpg	9	397.00	136.00	0.003651
n02381460_670.jpg	0	12.00	20.00	0.003662
n02381460_670.jpg	0	15.00	16.00	0.003662
Image_180.jpg	9	273.00	200.00	0.003692
Image_180.jpg	9	310.00	177.00	0.003711
Image_180.jpg	9	369.00	149.00	0.003718
Image_740.jpg	9	48.00	28.00	0.003799
n02381460_1482.jpg	0	18.00	14.00	0.003845
Image_180.jpg	9	409.00	141.00	0.003900
Image_180.jpg	9	415.00	139.00	0.003901
Image_180.jpg	9	339.00	171.00	0.003920
cheilinus_undulatus_3.jpg	9	46.00	27.00	0.003924
Image_180.jpg	9	433.00	136.00	0.003982
Image_180.jpg	9	470.00	127.00	0.004037
Image_180.jpg	9	383.00	157.00	0.004067
Image_180.jpg	9	370.00	163.00	0.004079
Image_884.jpg	9	310.00	110.00	0.004111
n02381460_4019.jpg	0	10.00	27.00	0.004120
n02381460_7806.jpg	0	16.00	17.00	0.004150
n02381460_376.jpg	0	13.00	21.00	0.004166
Image_911.jpg	9	57.00	40.00	0.004222
Image_180.jpg	9	368.00	170.00	0.004231
n02381460_736.jpg	0	9.00	31.00	0.004257
Image_180.jpg	9	411.00	154.00	0.004280
Image_884.jpg	9	202.00	178.00	0.004335
n02381460_4019.jpg	0	18.00	16.00	0.004394
n02381460_6549.jpg	0	10.00	29.00	0.004425
Image_884.jpg	9	350.00	105.00	0.004431
Image_180.jpg	9	386.00	170.00	0.004438
Image_180.jpg	9	382.00	177.00	0.004573
n02381460_3483.jpg	0	19.00	16.00	0.004639
n02381460_376.jpg	0	13.00	24.00	0.004761
Image_818.jpg	9	42.00	44.00	0.004870
n02381460_1865.jpg	0	16.00	20.00	0.004883
Image_180.jpg	9	408.00	177.00	0.004884
Image_180.jpg	9	329.00	220.00	0.004895
n02381460_2093.jpg	0	14.00	23.00	0.004913
n02381460_4372.jpg	0	12.00	27.00	0.004944
n02381460_4374.jpg	0	27.00	12.00	0.004944
Image_180.jpg	9	469.00	156.00	0.004948
Image_884.jpg	9	143.00	289.00	0.004983
n02381460_4372.jpg	0	12.00	28.00	0.005127
n02381460_7170.jpg	0	12.00	28.00	0.005127
n02381460_2539.jpg	0	13.00	26.00	0.005157
n02381460_4372.jpg	0	11.00	31.00	0.005203
Image_884.jpg	9	139.00	315.00	0.005279
n02381460_1482.jpg	0	22.00	16.00	0.005371
Image_180.jpg	9	525.00	153.00	0.005432
n02381460_6402.jpg	0	17.00	21.00	0.005447
Image_180.jpg	9	339.00	238.00	0.005456
Image_180.jpg	9	368.00	240.00	0.005973
n02381460_670.jpg	0	19.00	21.00	0.006088
Image_180.jpg	9	464.00	196.00	0.006150
n02381460_4856.jpg	0	23.00	18.00	0.006317
n02381460_4856.jpg	0	22.00	19.00	0.006378
Image_884.jpg	6	342.00	159.00	0.006556
n02381460_4372.jpg	0	15.00	29.00	0.006638
n02381460_670.jpg	0	23.00	19.00	0.006668
n02381460_4372.jpg	0	17.00	27.00	0.007004
n02381460_2539.jpg	0	23.00	20.00	0.007019
n02381460_7806.jpg	0	23.00	20.00	0.007019
G1SH1BY3IM8U.jpg	3	46.00	29.00	0.007115
n02381460_6549.jpg	0	14.00	34.00	0.007263
Image_884.jpg	9	355.00	170.00	0.007276
G1SH1BY3IM8U.jpg	3	49.00	28.00	0.007317
n02381460_4856.jpg	0	24.00	20.00	0.007324
n02381460_670.jpg	0	24.00	20.00	0.007324
n02381460_670.jpg	0	22.00	22.00	0.007385
G1SH1BY3IM8U.jpg	3	52.00	28.00	0.007765
n02092002_6001.jpg	8	68.00	22.00	0.007979
Image_180.jpg	9	461.00	256.00	0.007981
n02381460_386.jpg	5	19.00	28.00	0.008118
n02381460_670.jpg	0	19.00	28.00	0.008118
Image_180.jpg	9	448.00	270.00	0.008180
n02381460_2539.jpg	0	15.00	36.00	0.008240
Image_884.jpg	9	448.00	155.00	0.008372
n02381460_376.jpg	0	22.00	25.00	0.008392
Image_180.jpg	9	415.00	304.00	0.008532
n02381460_3221.jpg	0	14.00	40.00	0.008545
n02381460_1494.jpg	0	23.00	25.00	0.008774
n02381460_4856.jpg	0	25.00	24.00	0.009155
n02381460_1482.jpg	0	27.00	23.00	0.009476
Image_154.png	9	57.00	29.00	0.009513
n02381460_6922.jpg	0	13.00	48.00	0.009521
n02381460_670.jpg	0	25.00	25.00	0.009537
n02381460_670.jpg	0	30.00	21.00	0.009613
Image_884.jpg	9	197.00	416.00	0.009880
